Matrix a:
2 4 7 0 5 1 5 1 5 6
4 3 4 8 8 8 8 4 5 3
9 7 6 1 3 5 6 8 1 6
6 5 6 3 2 5 6 4 8 4
2 2 1 9 3 1 8 8 2 7
9 9 7 9 1 8 4 0 4 1
6 1 0 4 9 0 4 8 4 7
2 1 6 2 7 6 4 7 2 2
0 2 5 6 0 9 6 6 3 0
6 0 7 0 0 0 3 1 3 4
Matrix b:
3 7 5 0 9 0 0 5 7 3
5 5 2 3 6 9 8 3 0 6
8 6 2 5 9 7 3 5 5 3
8 2 2 1 6 1 3 6 2 0
1 6 5 4 6 8 2 2 9 7
4 0 8 9 4 2 4 7 1 5
2 4 8 2 4 4 0 9 9 2
2 5 8 6 1 2 8 7 8 4
9 8 1 6 5 5 6 2 9 4
1 5 9 7 6 6 2 2 4 5
Matrix a * b:
154 201 172 164 221 210 117 148 217 155
235 238 282 232 297 226 176 285 305 205
184 256 295 217 294 221 185 267 278 211
233 249 232 213 280 212 179 238 275 185
160 189 250 166 207 160 146 234 247 138
278 227 209 186 332 205 180 265 209 178
131 232 248 172 224 179 140 189 295 178
148 178 219 193 201 173 142 204 235 163
185 130 197 184 174 128 151 232 175 120
113 145 115 93 169 102 55 113 155 81