Matrix a:
2 4 7 0 5 1 5 1 5 6
4 3 4 8 8 8 8 4 5 3
9 7 6 1 3 5 6 8 1 6
6 5 6 3 2 5 6 4 8 4
2 2 1 9 3 1 8 8 2 7
9 9 7 9 1 8 4 0 4 1
6 1 0 4 9 0 4 8 4 7
2 1 6 2 7 6 4 7 2 2
0 2 5 6 0 9 6 6 3 0
6 0 7 0 0 0 3 1 3 4
Matrix b:
3 7 5 0 9 0 0 5 7 3
5 5 2 3 6 9 8 3 0 6
8 6 2 5 9 7 3 5 5 3
8 2 2 1 6 1 3 6 2 0
1 6 5 4 6 8 2 2 9 7
4 0 8 9 4 2 4 7 1 5
2 4 8 2 4 4 0 9 9 2
2 5 8 6 1 2 8 7 8 4
9 8 1 6 5 5 6 2 9 4
1 5 9 7 6 6 2 2 4 5
Matrix a @ b:
6 28 35 0 45 0 0 5 35 18
20 15 8 24 48 72 64 12 0 18
72 42 12 5 27 35 18 40 5 18
48 10 12 3 12 5 18 24 16 0
2 12 5 36 18 8 16 16 18 49
36 0 56 81 4 16 16 0 4 5
12 4 0 8 36 0 0 72 36 14
4 5 48 12 7 12 32 49 16 8
0 16 5 36 0 45 36 12 27 0
6 0 63 0 0 0 6 2 12 20