Matrix a:
2 4 7 0 5 1 5 1 5 6
4 3 4 8 8 8 8 4 5 3
9 7 6 1 3 5 6 8 1 6
6 5 6 3 2 5 6 4 8 4
2 2 1 9 3 1 8 8 2 7
9 9 7 9 1 8 4 0 4 1
6 1 0 4 9 0 4 8 4 7
2 1 6 2 7 6 4 7 2 2
0 2 5 6 0 9 6 6 3 0
6 0 7 0 0 0 3 1 3 4
Matrix b:
3 7 5 0 9 0 0 5 7 3
5 5 2 3 6 9 8 3 0 6
8 6 2 5 9 7 3 5 5 3
8 2 2 1 6 1 3 6 2 0
1 6 5 4 6 8 2 2 9 7
4 0 8 9 4 2 4 7 1 5
2 4 8 2 4 4 0 9 9 2
2 5 8 6 1 2 8 7 8 4
9 8 1 6 5 5 6 2 9 4
1 5 9 7 6 6 2 2 4 5
Matrix a + b:
5 11 12 0 14 1 5 6 12 9
9 8 6 11 14 17 16 7 5 9
17 13 8 6 12 12 9 13 6 9
14 7 8 4 8 6 9 10 10 4
3 8 6 13 9 9 10 10 11 14
13 9 15 18 5 10 8 7 5 6
8 5 8 6 13 4 4 17 13 9
4 6 14 8 8 8 12 14 10 6
9 10 6 12 5 14 12 8 12 4
7 5 16 7 6 6 5 3 7 9