Matrix a:
[[8 1 7 9 0 3 0 0 1 3]
 [6 9 1 6 7 6 9 1 3 3]
 [2 3 4 7 5 8 2 5 2 0]
 [2 3 3 2 8 3 4 9 1 9]
 [6 7 9 1 3 5 3 5 6 8]
 [2 6 3 0 6 4 6 5 0 1]
 [4 5 6 5 2 1 1 2 1 1]
 [7 5 2 2 9 1 0 1 4 9]
 [4 0 3 8 9 2 0 0 5 8]
 [3 4 1 2 6 9 7 3 1 3]]
Matrix b:
[[0 6 8 2 8 3 9 2 6 4]
 [2 8 9 1 6 3 2 4 1 6]
 [4 5 2 4 5 7 5 0 5 8]
 [4 5 4 6 7 3 3 0 5 4]
 [0 8 2 3 4 2 3 5 8 9]
 [3 1 7 2 2 5 8 1 7 0]
 [4 1 8 7 7 7 2 0 9 6]
 [3 3 3 1 5 6 8 9 4 7]
 [7 9 8 7 8 5 5 6 7 7]
 [5 6 3 2 5 1 4 4 3 0]]
Matrix a + b:
[[ 8  7 15 11  8  6  9  2  7  7]
 [ 8 17 10  7 13  9 11  5  4  9]
 [ 6  8  6 11 10 15  7  5  7  8]
 [ 6  8  7  8 15  6  7  9  6 13]
 [ 6 15 11  4  7  7  6 10 14 17]
 [ 5  7 10  2  8  9 14  6  7  1]
 [ 8  6 14 12  9  8  3  2 10  7]
 [10  8  5  3 14  7  8 10  8 16]
 [11  9 11 15 17  7  5  6 12 15]
 [ 8 10  4  4 11 10 11  7  4  3]]