Matrix a:
[[8 1 7 9 0 3 0 0 1 3]
 [6 9 1 6 7 6 9 1 3 3]
 [2 3 4 7 5 8 2 5 2 0]
 [2 3 3 2 8 3 4 9 1 9]
 [6 7 9 1 3 5 3 5 6 8]
 [2 6 3 0 6 4 6 5 0 1]
 [4 5 6 5 2 1 1 2 1 1]
 [7 5 2 2 9 1 0 1 4 9]
 [4 0 3 8 9 2 0 0 5 8]
 [3 4 1 2 6 9 7 3 1 3]]
Matrix b:
[[0 6 8 2 8 3 9 2 6 4]
 [2 8 9 1 6 3 2 4 1 6]
 [4 5 2 4 5 7 5 0 5 8]
 [4 5 4 6 7 3 3 0 5 4]
 [0 8 2 3 4 2 3 5 8 9]
 [3 1 7 2 2 5 8 1 7 0]
 [4 1 8 7 7 7 2 0 9 6]
 [3 3 3 1 5 6 8 9 4 7]
 [7 9 8 7 8 5 5 6 7 7]
 [5 6 3 2 5 1 4 4 3 0]]
Matrix a @ b:
[[ 97 166 161 118 197 126 177  41 166 137]
 [139 262 319 185 296 201 217 128 293 255]
 [111 174 192 129 194 168 198 106 218 192]
 [130 222 188 123 227 169 214 182 231 224]
 [178 291 285 164 298 225 273 173 265 264]
 [ 80 154 182  97 171 150 151 111 186 193]
 [ 79 158 145  93 167 118 132  67 134 159]
 [105 268 200 115 230 114 188 149 205 198]
 [125 246 166 150 223 118 175 117 224 188]
 [106 165 227 127 196 166 191 106 239 176]]